200014428 200043665 200061314 200063757 200040278
200014428 200800101 200040228 200044421 200044188
200044185 200002406 200061274 200044187 200040900
200002609 200002278 200040292 200040500 200014440
200041618 200043466 200014423 200040905 200002286
200002446 200044615 200093169 200041573 200040358
200043663 200041801 200002272 200040300 200002254
200061273 200063749 200002448 200002744 200041578
200002491 200040300 200044195 200014509 200002744
200061275 200040430 200051341 200062127 200044711
200063655 200002438 200014440 200002488 200043670
200063748 200044421 200062120 200044708 200041573
200041617 200002417 200040358 200060704 200062123
200044614 200062129 200064327 200040844 200042646
200064847 200002435 200040301 200042361 200063760
200041577 200064327 200040843 200043467 200043473
200044708 200061267 200040278 200002403 200044194
200002414 200041602 200041454 200061290 200040319
200042641 200040843 200040859 200061439 200041455
200063742 200043474 200044160 200040905 200044420
